.Random.seed <-
c(403L, 612L, -1206179376L, 866184L, -1891118342L, 2045150020L, 
949323371L, 1863969999L, -761340760L, -1003788785L, 1508703090L, 
643685293L, -1055875877L, 1610396801L, 485301284L, -1814774698L, 
-447329771L, -1180160621L, -1860556806L, 31517210L, 1255469120L, 
294535201L, -1589513116L, -488308724L, -1114369538L, -107357332L, 
427103569L, -244177828L, 1670707583L, 1834898575L, -1208623163L, 
-563674642L, -1835519928L, -1509632396L, 68305386L, 1827086410L, 
-1136753854L, 338165690L, 2001449187L, 1571600967L, -459222873L, 
1182781900L, 1981507848L, 1095843384L, -65620727L, 2068761587L, 
-915160381L, 756984996L, 1752761542L, -752470783L, 1405010195L, 
1740569554L, -1805597956L, -1994473110L, 820914576L, 176492289L, 
-245220068L, -840284070L, 470313867L, -1589267918L, 1191630022L, 
1486939283L, 254763987L, -1666006416L, 1967697789L, 197704777L, 
-583468350L, -915887701L, 1678298559L, 1755190731L, 1513532840L, 
-1249505545L, -71035930L, -1740313881L, 1547269721L, -1160035141L, 
-1222157728L, -2113830322L, -199739811L, 650847291L, 1235922264L, 
1268194330L, -2035667645L, -469737052L, 1739307751L, -1162764176L, 
1487471553L, 1389349168L, 1272962036L, -981837842L, -2047702454L, 
-970623718L, 326663909L, -2051204799L, -1236595609L, 599306138L, 
-1202795727L, -994494631L, -1437715089L, -1331154348L, -1449867834L, 
737667788L, 1914222039L, 1268867001L, -1417581352L, -1054145773L, 
-1436247745L, -342671036L, -142356035L, 2114488821L, -140293884L, 
-1629306898L, 510005283L, 150035970L, -1340963510L, 1768203863L, 
-1652348701L, 694777723L, -1958490481L, -926872159L, 1363907795L, 
324232602L, -643880360L, 1786882779L, 802370388L, 1162614506L, 
970991524L, -1024827598L, -664308618L, -971095323L, 1953319486L, 
-925412454L, -428183956L, -1759376997L, 81381307L, 2012512188L, 
-1864967489L, 1341027462L, -946646680L, 398977604L, 2127530384L, 
-1788004268L, 1514872387L, -862810411L, 572418759L, 1872070328L, 
243769272L, 2081110373L, -888387227L, -913746051L, 266751982L, 
-1914985374L, 529844488L, -547479048L, -1562844458L, -1085723480L, 
-399462407L, 231703011L, 1288095495L, -1240366311L, 351184476L, 
1292122666L, 818928757L, 871323805L, -945303639L, 1228568248L, 
-1952540277L, 1371554108L, 413168177L, -1605092244L, 447361497L, 
-1906200441L, 487699743L, 791822233L, -2088603941L, -848733897L, 
-1896727716L, -1994812324L, -302267996L, 1444724825L, -1046346890L, 
67964122L, 1196254256L, 939873746L, -215551693L, -799190371L, 
1721639810L, 190008930L, -1420484859L, -1740636074L, -427860648L, 
-1731912856L, -11142790L, 320081911L, 1988377034L, -301040143L, 
1440688445L, 323172543L, -2134817199L, 1474556636L, 1773155309L, 
537522302L, -1040828224L, 2018487565L, -1580828053L, 532717328L, 
1980795330L, -702007142L, 206732127L, 969846477L, 808820033L, 
508885832L, -921620072L, 216695389L, 2068872805L, -501599307L, 
2049047838L, -1875111998L, 101200032L, 468650160L, -624028894L, 
56818372L, -1988035961L, 430027103L, 1255005551L, 1730691749L, 
1928562980L, -973589095L, -1176744120L, 2111486208L, -100929953L, 
1373620857L, 1701072705L, -1613788702L, -85324548L, -1079362551L, 
1124398845L, 46800362L, 412523575L, -1622499552L, -1223472596L, 
-145831338L, 181258296L, 143513361L, 1498831945L, -1624195097L, 
-547222094L, 1429956671L, -459492751L, 1369245956L, -891987413L, 
-1691277094L, 811446436L, 1899730560L, 1157107362L, -473232778L, 
-1952937361L, -2136776476L, -391949033L, -315238328L, 1196414576L, 
-2095954268L, -1998250856L, -677498104L, -1391924959L, -1213443495L, 
-466754112L, -1216929565L, 1386073390L, -390273290L, -591568482L, 
-171252897L, 676380602L, 1130367955L, -1715072385L, -1427534169L, 
1297115410L, 347032981L, 2109619124L, 578325407L, 1213607117L, 
-549546903L, 1458201518L, -1535082049L, 1530190267L, -913647813L, 
78265987L, -1917851379L, 515434009L, -1811308286L, -995401900L, 
1616400259L, 1699206917L, 424445705L, -1100274370L, -1445983942L, 
-1131231613L, -1408195176L, -2103063230L, 1778139797L, -824568741L, 
1110730381L, 1423586992L, 1803522092L, 609328064L, -1559922197L, 
-1375217981L, -1844454612L, -470256390L, -159431084L, -1948700728L, 
2020758800L, -2108512070L, -1896701106L, 1808311843L, -594505785L, 
1713942869L, 808132648L, -1969785519L, -848421428L, 907986585L, 
1681912516L, 1029784037L, -989585766L, -721846642L, -1576910248L, 
1783649963L, 790926488L, 1310266851L, -881776479L, -1794321961L, 
-1825767890L, 1678922166L, -1343439131L, 1927996396L, 925578952L, 
1187596869L, 442531852L, -1513919931L, -277599681L, -101899034L, 
-829165298L, -752583715L, -872261430L, 1638944159L, 974837024L, 
2058991838L, 990728334L, -402864141L, -1031100243L, 938104059L, 
572891812L, -1534486711L, -272979597L, -1590305834L, 172173865L, 
-651527001L, 1480088349L, -2129641923L, -454941906L, -1701633214L, 
2054551107L, -808794770L, -1680030096L, -1267821178L, 1544427084L, 
-494791490L, -2122514155L, -2145912654L, -106703484L, -1676432296L, 
1688610471L, -2067986701L, 456100671L, 1662158740L, -636480031L, 
-264403053L, -1667289462L, 2042315005L, 518649033L, -607385363L, 
747057221L, -611921035L, 912716757L, -379443745L, -651616400L, 
1208603463L, 24516797L, 176579344L, -1308486902L, -1163418950L, 
369725021L, 1138305966L, 1708389181L, -2024966059L, 977293117L, 
1719321532L, 993650292L, 253166956L, 1734197810L, 720867208L, 
398443171L, -400895550L, -1606433781L, 665769275L, -1962695008L, 
-315198264L, 2140326391L, 536285645L, -1592868978L, 1063284421L, 
-1264420816L, 942644152L, -1093138843L, 1871035601L, -474556064L, 
-1109067006L, 1404936437L, -1653755002L, 741405578L, -953063853L, 
2074880610L, -342436975L, 117346306L, 1348536296L, -1907872049L, 
-2058732801L, -1667360915L, 1106595906L, -145668463L, -1377612476L, 
-746806294L, 1496495141L, -1741683053L, 1832845360L, 1783348600L, 
1276612002L, 111412531L, 235191546L, -562676269L, 1679140441L, 
-506389555L, 1897887620L, 1787997471L, 1198457391L, -1236859566L, 
729609201L, -1863872078L, -1140882030L, 1308558232L, 1107198994L, 
-710462026L, -88800676L, 866311450L, -53798085L, 1553280356L, 
531005994L, -1794752147L, -1101005561L, -1032574756L, 56823291L, 
-424668920L, -377997733L, 1659421323L, -916632288L, 349395374L, 
1565232852L, -541125644L, 224870133L, -173831817L, -2114439806L, 
468329311L, -1959959526L, 2132094057L, -561372289L, 1995826302L, 
1228887556L, 31295148L, -1752886402L, 53749150L, 850950522L, 
718602308L, -1710337392L, -2055948809L, 323451291L, -1816509879L, 
-2043156455L, -1219627774L, -1035326751L, -1567205952L, -553366580L, 
-2117287418L, 543310683L, 50659803L, 1943348410L, -284278228L, 
-1410519885L, -2013795738L, 824581079L, 1430849958L, -1537721892L, 
-695090797L, -366577842L, -1052881663L, -1405849081L, -186059719L, 
991770060L, -2129454140L, -733360906L, -1620265102L, -1835453303L, 
-1247432833L, 507810822L, -1590348649L, 1148910798L, 1347233023L, 
1214099731L, 1341787428L, -380644671L, 347292124L, -1452488092L, 
-887437170L, -645189616L, -1328287549L, 67262902L, 1376461477L, 
-773538661L, -1380120686L, 829372409L, 39293842L, -1285003126L, 
-1468143467L, -2107173869L, -1393144136L, -1845176329L, 1239107813L, 
415021286L, 468169690L, 1871814035L, -1674285030L, 1610491886L, 
1854310143L, -637760019L, 1556959546L, -2139404109L, -810006793L, 
94948140L, -449139402L, 887725784L, 2119918563L, 777410816L, 
-1134515478L, -30291724L, 1989932444L, -1176764098L, 1008850534L, 
1644761198L, 695315953L, 1590028114L, -806603952L, 1765178099L, 
2065032187L, -1174957001L, 1583433583L, -346062912L, -2062740098L, 
908469738L, -1554147865L, -1373762592L, 506661040L, -1714834780L, 
393021013L, 1351489623L, 2056943868L, 2066080295L, -1549344452L, 
-844033963L, -1401608976L, 1171688054L, 781581644L, -2045759907L, 
1139780150L, -672546777L, -696425333L, -970893839L, 1961704218L, 
2035295937L, 1239521903L, -388530098L, -1458692434L, 864702446L, 
1618307783L, 1259545867L, -718079005L, -524507313L, 798961436L, 
155768019L, -923289051L, -985520728L, 252567695L, 1994852341L, 
